"Time (ps)"	"Counts per bin"
0	210
48	240
96	420
144	579
192	805
240	1120
288	1420
336	1831
384	2231
432	2584
480	3212
528	3754
576	4208
624	4772
672	5118
720	5327
768	5451
816	5070
864	4758
912	4422
960	3919
1008	3370
1056	3045
1104	2753
1152	2400
1200	2012
1248	1731
1296	1591
1344	1400
1392	1250
1440	1084
1488	1005
1536	911
1584	791
1632	689
1680	647
1728	638
1776	539
1824	502
1872	405
1920	408
1968	357
2016	366
2064	299
2112	281
2160	262
2208	239
2256	233
2304	226
2352	215
2400	200
2448	181
2496	149
2544	175
2592	142
2640	118
2688	155
2736	96
2784	109
2832	100
2880	108
2928	120
2976	98
3024	108
3072	101
3120	96
3168	111
3216	84
3264	87
3312	89
3360	85
3408	108
3456	106
3504	86
3552	108
3600	92
3648	98
3696	78
3744	102
3792	86
3840	56
3888	74
3936	68
3984	65
4032	44
4080	56
4128	51
4176	51
4224	45
4272	39
4320	39
4368	32
4416	44
4464	37
4512	26
4560	30
4608	26
4656	24
4704	24
4752	19
4800	32
4848	22
4896	23
4944	14
4992	20
5040	25
5088	19
5136	14
5184	16
5232	13
5280	11
5328	13
5376	12
5424	14
5472	14
5520	15
5568	19
5616	24
5664	16
5712	18
5760	16
5808	8
5856	7
5904	14
5952	13
6000	8
6048	7
6096	11
6144	7
6192	8
6240	11
6288	8
6336	8
6384	8
6432	10
6480	11
6528	5
6576	6
6624	11
6672	10
6720	9
6768	13
6816	9
6864	8
6912	15
6960	7
7008	7
7056	9
7104	8
7152	2
7200	7
7248	9
7296	8
7344	7
7392	5
7440	11
7488	5
7536	6
7584	7
7632	5
7680	7
7728	7
7776	6
7824	10
7872	8
7920	5
7968	6
8016	6
8064	5
8112	9
8160	3
8208	4
8256	4
8304	2
8352	4
8400	2
8448	5
8496	4
8544	6
8592	5
8640	7
8688	3
8736	4
8784	7
8832	10
8880	7
8928	9
8976	2
9024	6
9072	9
9120	7
9168	4
9216	7
9264	4
9312	4
9360	6
9408	4
9456	4
9504	4
9552	11
9600	4
9648	9
9696	6
9744	2
9792	13
9840	7
9888	5
9936	9
9984	9
10032	2
10080	6
10128	6
10176	3
10224	5
10272	3
10320	4
10368	3
10416	7
10464	9
10512	2
10560	4
10608	6
10656	4
10704	3
10752	5
10800	4
10848	3
10896	4
10944	4
10992	5
11040	2
11088	5
11136	2
11184	4
11232	4
11280	3
11328	2
11376	3
11424	5
11472	3
11520	4
11568	2
11616	3
11664	5
11712	4
11760	5
11808	4
11856	4
11904	3
11952	4
12000	3
12048	4
12096	3
12144	5
12192	5
12240	8
