"Time (ps)"	"Counts per bin"
0	293
48	313
96	556
144	757
192	1062
240	1395
288	1825
336	2146
384	2718
432	3322
480	4015
528	4580
576	5164
624	5686
672	6316
720	6405
768	6296
816	6177
864	5865
912	5152
960	4671
1008	4138
1056	3793
1104	3138
1152	2831
1200	2512
1248	2189
1296	1926
1344	1689
1392	1495
1440	1395
1488	1194
1536	1057
1584	1010
1632	824
1680	766
1728	670
1776	634
1824	553
1872	555
1920	459
1968	441
2016	449
2064	361
2112	359
2160	335
2208	301
2256	272
2304	277
2352	249
2400	242
2448	224
2496	222
2544	185
2592	163
2640	170
2688	170
2736	165
2784	142
2832	128
2880	125
2928	142
2976	137
3024	125
3072	109
3120	148
3168	125
3216	121
3264	139
3312	122
3360	119
3408	124
3456	102
3504	114
3552	136
3600	114
3648	110
3696	97
3744	122
3792	108
3840	102
3888	98
3936	99
3984	72
4032	64
4080	67
4128	62
4176	45
4224	59
4272	54
4320	46
4368	49
4416	44
4464	31
4512	34
4560	40
4608	24
4656	24
4704	24
4752	23
4800	23
4848	34
4896	20
4944	24
4992	24
5040	24
5088	15
5136	25
5184	22
5232	23
5280	21
5328	25
5376	23
5424	15
5472	8
5520	18
5568	17
5616	10
5664	11
5712	12
5760	13
5808	6
5856	14
5904	14
5952	5
6000	3
6048	14
6096	14
6144	12
6192	8
6240	17
6288	11
6336	17
6384	18
6432	11
6480	15
6528	15
6576	12
6624	6
6672	8
6720	8
6768	10
6816	10
6864	9
6912	17
6960	6
7008	5
7056	15
7104	7
7152	5
7200	11
7248	9
7296	10
7344	4
7392	7
7440	10
7488	6
7536	8
7584	10
7632	6
7680	8
7728	5
7776	5
7824	10
7872	4
7920	10
7968	9
8016	9
8064	5
8112	7
8160	15
8208	4
8256	3
8304	3
8352	10
8400	2
8448	4
8496	5
8544	9
8592	8
8640	7
8688	6
8736	4
8784	6
8832	5
8880	6
8928	5
8976	6
9024	7
9072	11
9120	4
9168	5
9216	1
9264	5
9312	1
9360	5
9408	6
9456	10
9504	4
9552	3
9600	4
9648	6
9696	6
9744	3
9792	7
9840	6
9888	5
9936	7
9984	7
10032	3
10080	8
10128	7
10176	4
10224	6
10272	7
10320	6
10368	5
10416	3
10464	9
10512	4
10560	2
10608	6
10656	3
10704	6
10752	3
10800	4
10848	4
10896	7
10944	3
10992	4
11040	5
11088	4
11136	3
11184	0
11232	6
11280	4
11328	5
11376	2
11424	4
11472	7
11520	1
11568	6
11616	12
11664	0
11712	4
11760	3
11808	4
11856	3
11904	3
11952	3
12000	5
12048	4
12096	1
12144	9
12192	4
12240	9
