"Time (ps)"	"Counts per bin"
0	341
48	412
96	616
144	872
192	1317
240	1689
288	2195
336	2657
384	3231
432	3765
480	4581
528	5382
576	6061
624	6667
672	7052
720	7431
768	7282
816	6903
864	6440
912	5959
960	5300
1008	4685
1056	4106
1104	3655
1152	3162
1200	2758
1248	2448
1296	2211
1344	1991
1392	1650
1440	1513
1488	1365
1536	1203
1584	1105
1632	956
1680	920
1728	795
1776	729
1824	698
1872	602
1920	544
1968	496
2016	475
2064	463
2112	408
2160	365
2208	368
2256	352
2304	335
2352	298
2400	245
2448	241
2496	226
2544	191
2592	213
2640	206
2688	183
2736	157
2784	171
2832	167
2880	146
2928	148
2976	158
3024	154
3072	139
3120	117
3168	153
3216	131
3264	138
3312	140
3360	131
3408	130
3456	137
3504	130
3552	121
3600	134
3648	145
3696	111
3744	120
3792	123
3840	95
3888	94
3936	83
3984	87
4032	79
4080	84
4128	58
4176	72
4224	63
4272	50
4320	58
4368	43
4416	32
4464	38
4512	44
4560	47
4608	34
4656	34
4704	46
4752	35
4800	41
4848	22
4896	27
4944	28
4992	34
5040	20
5088	18
5136	39
5184	28
5232	22
5280	20
5328	19
5376	30
5424	14
5472	20
5520	13
5568	20
5616	14
5664	15
5712	8
5760	19
5808	19
5856	10
5904	15
5952	10
6000	11
6048	19
6096	12
6144	18
6192	17
6240	11
6288	15
6336	11
6384	10
6432	7
6480	14
6528	6
6576	19
6624	14
6672	15
6720	15
6768	10
6816	8
6864	10
6912	11
6960	13
7008	14
7056	6
7104	15
7152	5
7200	7
7248	10
7296	10
7344	9
7392	5
7440	8
7488	7
7536	8
7584	5
7632	9
7680	6
7728	6
7776	8
7824	7
7872	5
7920	10
7968	11
8016	6
8064	8
8112	6
8160	7
8208	11
8256	10
8304	8
8352	2
8400	8
8448	10
8496	7
8544	6
8592	4
8640	5
8688	4
8736	4
8784	7
8832	6
8880	4
8928	7
8976	5
9024	3
9072	9
9120	5
9168	6
9216	12
9264	8
9312	9
9360	4
9408	2
9456	7
9504	10
9552	4
9600	8
9648	4
9696	7
9744	11
9792	13
9840	6
9888	4
9936	13
9984	3
10032	12
10080	4
10128	4
10176	11
10224	7
10272	5
10320	5
10368	3
10416	6
10464	6
10512	6
10560	4
10608	6
10656	4
10704	3
10752	8
10800	2
10848	3
10896	3
10944	5
10992	2
11040	6
11088	7
11136	2
11184	3
11232	7
11280	7
11328	4
11376	3
11424	7
11472	1
11520	5
11568	7
11616	4
11664	5
11712	4
11760	5
11808	4
11856	5
11904	3
11952	5
12000	3
12048	3
12096	8
12144	6
12192	4
12240	13
