"Time (ps)"	"Counts per bin"
0	414
48	556
96	809
144	1189
192	1653
240	2103
288	2707
336	3207
384	3906
432	4742
480	5588
528	6538
576	7414
624	8230
672	8734
720	8755
768	8777
816	8523
864	7686
912	6938
960	6117
1008	5510
1056	4978
1104	4425
1152	3797
1200	3329
1248	2869
1296	2559
1344	2320
1392	1942
1440	1794
1488	1591
1536	1427
1584	1264
1632	1172
1680	1020
1728	948
1776	820
1824	806
1872	755
1920	671
1968	570
2016	575
2064	499
2112	454
2160	433
2208	428
2256	383
2304	366
2352	334
2400	295
2448	287
2496	279
2544	237
2592	271
2640	247
2688	219
2736	215
2784	209
2832	186
2880	182
2928	162
2976	167
3024	188
3072	180
3120	179
3168	158
3216	174
3264	184
3312	170
3360	163
3408	184
3456	168
3504	159
3552	167
3600	147
3648	160
3696	150
3744	128
3792	118
3840	127
3888	98
3936	114
3984	101
4032	90
4080	99
4128	67
4176	54
4224	76
4272	65
4320	58
4368	61
4416	53
4464	53
4512	50
4560	43
4608	48
4656	34
4704	25
4752	35
4800	27
4848	53
4896	31
4944	35
4992	22
5040	23
5088	31
5136	27
5184	32
5232	33
5280	19
5328	29
5376	27
5424	23
5472	20
5520	18
5568	12
5616	30
5664	26
5712	12
5760	13
5808	16
5856	18
5904	15
5952	22
6000	15
6048	14
6096	16
6144	17
6192	17
6240	18
6288	12
6336	15
6384	14
6432	11
6480	18
6528	6
6576	11
6624	17
6672	14
6720	15
6768	17
6816	15
6864	8
6912	13
6960	12
7008	20
7056	11
7104	14
7152	13
7200	7
7248	10
7296	6
7344	6
7392	19
7440	8
7488	10
7536	12
7584	14
7632	10
7680	10
7728	10
7776	12
7824	7
7872	10
7920	15
7968	9
8016	16
8064	8
8112	8
8160	11
8208	6
8256	4
8304	12
8352	11
8400	7
8448	10
8496	7
8544	7
8592	14
8640	13
8688	18
8736	12
8784	9
8832	6
8880	5
8928	9
8976	10
9024	10
9072	12
9120	6
9168	9
9216	5
9264	7
9312	11
9360	10
9408	11
9456	8
9504	10
9552	8
9600	6
9648	5
9696	8
9744	9
9792	5
9840	5
9888	9
9936	8
9984	8
10032	8
10080	7
10128	9
10176	5
10224	12
10272	5
10320	9
10368	11
10416	6
10464	10
10512	3
10560	9
10608	5
10656	5
10704	5
10752	13
10800	6
10848	4
10896	3
10944	12
10992	8
11040	9
11088	9
11136	6
11184	8
11232	4
11280	9
11328	7
11376	8
11424	6
11472	8
11520	6
11568	6
11616	5
11664	4
11712	2
11760	4
11808	9
11856	5
11904	6
11952	6
12000	8
12048	8
12096	7
12144	17
12192	8
12240	18
