"Time (ps)"	"Counts per bin"
0	525
48	665
96	1012
144	1405
192	1912
240	2417
288	3167
336	3956
384	4857
432	5735
480	6789
528	7738
576	8649
624	9469
672	10148
720	10321
768	10125
816	9664
864	8661
912	8225
960	7242
1008	6501
1056	5678
1104	4942
1152	4343
1200	3743
1248	3400
1296	2878
1344	2627
1392	2389
1440	2084
1488	1873
1536	1655
1584	1448
1632	1328
1680	1235
1728	1073
1776	984
1824	853
1872	834
1920	773
1968	720
2016	701
2064	556
2112	582
2160	501
2208	474
2256	443
2304	421
2352	353
2400	352
2448	333
2496	288
2544	282
2592	309
2640	255
2688	238
2736	238
2784	242
2832	213
2880	253
2928	224
2976	199
3024	197
3072	206
3120	173
3168	198
3216	232
3264	190
3312	191
3360	181
3408	236
3456	200
3504	198
3552	198
3600	177
3648	181
3696	197
3744	168
3792	182
3840	118
3888	136
3936	119
3984	100
4032	108
4080	112
4128	106
4176	90
4224	81
4272	84
4320	72
4368	67
4416	72
4464	43
4512	65
4560	58
4608	60
4656	41
4704	44
4752	43
4800	51
4848	28
4896	28
4944	39
4992	31
5040	51
5088	38
5136	27
5184	38
5232	37
5280	31
5328	26
5376	29
5424	20
5472	31
5520	26
5568	21
5616	17
5664	18
5712	17
5760	21
5808	20
5856	18
5904	22
5952	20
6000	14
6048	25
6096	25
6144	16
6192	17
6240	19
6288	20
6336	15
6384	25
6432	20
6480	16
6528	21
6576	20
6624	10
6672	8
6720	21
6768	23
6816	23
6864	20
6912	19
6960	13
7008	16
7056	18
7104	12
7152	10
7200	12
7248	15
7296	12
7344	12
7392	9
7440	11
7488	14
7536	16
7584	8
7632	16
7680	14
7728	9
7776	19
7824	11
7872	6
7920	9
7968	9
8016	14
8064	10
8112	13
8160	13
8208	16
8256	13
8304	10
8352	10
8400	10
8448	9
8496	12
8544	10
8592	4
8640	11
8688	5
8736	10
8784	10
8832	11
8880	11
8928	10
8976	8
9024	10
9072	11
9120	9
9168	12
9216	10
9264	7
9312	9
9360	7
9408	5
9456	7
9504	7
9552	6
9600	11
9648	8
9696	12
9744	11
9792	7
9840	3
9888	5
9936	10
9984	15
10032	10
10080	9
10128	7
10176	10
10224	7
10272	10
10320	8
10368	7
10416	9
10464	6
10512	7
10560	6
10608	9
10656	9
10704	13
10752	6
10800	5
10848	7
10896	3
10944	8
10992	5
11040	3
11088	8
11136	2
11184	9
11232	13
11280	5
11328	10
11376	10
11424	5
11472	7
11520	10
11568	2
11616	5
11664	12
11712	9
11760	9
11808	6
11856	7
11904	9
11952	6
12000	11
12048	4
12096	3
12144	12
12192	15
12240	20
