"Time (ps)"	"Counts per bin"
0	733
48	866
96	1289
144	1770
192	2334
240	3079
288	3881
336	4880
384	5921
432	6946
480	8213
528	9393
576	10617
624	11598
672	12388
720	12276
768	12034
816	11243
864	10408
912	9486
960	8687
1008	7652
1056	6593
1104	5780
1152	5064
1200	4591
1248	3993
1296	3463
1344	3110
1392	2800
1440	2398
1488	2151
1536	1919
1584	1729
1632	1543
1680	1382
1728	1347
1776	1180
1824	1048
1872	939
1920	902
1968	855
2016	719
2064	712
2112	674
2160	583
2208	562
2256	529
2304	447
2352	466
2400	388
2448	393
2496	393
2544	337
2592	346
2640	300
2688	270
2736	310
2784	292
2832	245
2880	264
2928	229
2976	247
3024	250
3072	251
3120	242
3168	235
3216	213
3264	204
3312	222
3360	240
3408	237
3456	197
3504	240
3552	226
3600	213
3648	204
3696	175
3744	172
3792	165
3840	179
3888	144
3936	137
3984	109
4032	131
4080	136
4128	92
4176	108
4224	95
4272	89
4320	75
4368	85
4416	66
4464	64
4512	63
4560	73
4608	54
4656	52
4704	49
4752	45
4800	44
4848	46
4896	42
4944	46
4992	40
5040	37
5088	37
5136	48
5184	38
5232	42
5280	38
5328	35
5376	43
5424	33
5472	24
5520	25
5568	25
5616	38
5664	27
5712	29
5760	27
5808	22
5856	25
5904	27
5952	31
6000	19
6048	30
6096	25
6144	15
6192	25
6240	22
6288	23
6336	22
6384	28
6432	17
6480	21
6528	20
6576	26
6624	12
6672	20
6720	17
6768	11
6816	16
6864	17
6912	14
6960	19
7008	13
7056	18
7104	16
7152	17
7200	19
7248	16
7296	14
7344	16
7392	14
7440	15
7488	10
7536	13
7584	17
7632	13
7680	15
7728	10
7776	13
7824	10
7872	8
7920	15
7968	9
8016	8
8064	15
8112	12
8160	18
8208	11
8256	14
8304	19
8352	9
8400	10
8448	10
8496	14
8544	12
8592	10
8640	14
8688	9
8736	13
8784	10
8832	11
8880	7
8928	11
8976	15
9024	19
9072	6
9120	10
9168	9
9216	16
9264	10
9312	7
9360	9
9408	14
9456	10
9504	9
9552	5
9600	11
9648	8
9696	11
9744	4
9792	9
9840	9
9888	14
9936	14
9984	6
10032	10
10080	7
10128	12
10176	5
10224	9
10272	8
10320	5
10368	6
10416	9
10464	8
10512	8
10560	17
10608	12
10656	12
10704	12
10752	6
10800	11
10848	10
10896	15
10944	8
10992	13
11040	7
11088	8
11136	4
11184	10
11232	6
11280	12
11328	10
11376	4
11424	7
11472	9
11520	7
11568	10
11616	15
11664	12
11712	9
11760	9
11808	17
11856	13
11904	6
11952	11
12000	8
12048	7
12096	11
12144	9
12192	12
12240	21
