"Time (ps)"	"Counts per bin"
0	840
48	1136
96	1588
144	2201
192	2996
240	3816
288	4748
336	5810
384	7158
432	8460
480	9968
528	11330
576	12705
624	13960
672	14349
720	14262
768	13973
816	13434
864	12378
912	11016
960	9960
1008	8814
1056	7790
1104	6928
1152	5911
1200	5316
1248	4593
1296	4109
1344	3584
1392	3191
1440	2794
1488	2529
1536	2454
1584	1988
1632	1855
1680	1689
1728	1527
1776	1407
1824	1325
1872	1182
1920	1077
1968	1033
2016	937
2064	822
2112	735
2160	677
2208	625
2256	611
2304	587
2352	511
2400	540
2448	486
2496	451
2544	411
2592	380
2640	364
2688	342
2736	344
2784	352
2832	285
2880	320
2928	292
2976	272
3024	260
3072	262
3120	301
3168	302
3216	317
3264	281
3312	273
3360	273
3408	274
3456	270
3504	245
3552	264
3600	244
3648	264
3696	213
3744	223
3792	227
3840	185
3888	181
3936	167
3984	168
4032	148
4080	143
4128	148
4176	114
4224	104
4272	106
4320	76
4368	98
4416	78
4464	97
4512	67
4560	65
4608	66
4656	70
4704	56
4752	57
4800	69
4848	64
4896	41
4944	56
4992	36
5040	39
5088	43
5136	45
5184	49
5232	33
5280	44
5328	43
5376	27
5424	41
5472	46
5520	42
5568	39
5616	31
5664	25
5712	34
5760	33
5808	33
5856	19
5904	28
5952	20
6000	40
6048	24
6096	28
6144	26
6192	31
6240	27
6288	29
6336	30
6384	22
6432	29
6480	23
6528	23
6576	25
6624	22
6672	24
6720	25
6768	20
6816	18
6864	16
6912	24
6960	27
7008	17
7056	23
7104	27
7152	25
7200	18
7248	13
7296	12
7344	18
7392	22
7440	11
7488	23
7536	16
7584	17
7632	15
7680	14
7728	13
7776	13
7824	13
7872	15
7920	13
7968	15
8016	21
8064	14
8112	17
8160	11
8208	14
8256	17
8304	14
8352	14
8400	14
8448	7
8496	15
8544	9
8592	12
8640	18
8688	13
8736	18
8784	9
8832	16
8880	10
8928	11
8976	10
9024	18
9072	19
9120	11
9168	15
9216	17
9264	13
9312	14
9360	11
9408	9
9456	14
9504	11
9552	11
9600	17
9648	10
9696	5
9744	11
9792	10
9840	15
9888	15
9936	15
9984	13
10032	19
10080	10
10128	5
10176	16
10224	6
10272	12
10320	12
10368	12
10416	10
10464	12
10512	10
10560	9
10608	5
10656	10
10704	10
10752	12
10800	9
10848	8
10896	13
10944	8
10992	18
11040	9
11088	11
11136	12
11184	8
11232	8
11280	15
11328	12
11376	14
11424	12
11472	15
11520	13
11568	13
11616	10
11664	9
11712	9
11760	6
11808	11
11856	9
11904	8
11952	12
12000	10
12048	15
12096	5
12144	17
12192	11
12240	34
