"Time (ps)"	"Counts per bin"
0	1044
48	1342
96	1996
144	2647
192	3563
240	4509
288	5829
336	7042
384	8428
432	10060
480	11855
528	13655
576	15225
624	16576
672	17189
720	17227
768	16793
816	15721
864	14460
912	13114
960	11738
1008	10328
1056	9149
1104	8000
1152	7109
1200	6351
1248	5497
1296	4815
1344	4355
1392	3999
1440	3426
1488	3001
1536	2689
1584	2453
1632	2285
1680	1942
1728	1807
1776	1643
1824	1539
1872	1366
1920	1255
1968	1146
2016	1016
2064	1014
2112	891
2160	867
2208	789
2256	701
2304	676
2352	641
2400	598
2448	596
2496	541
2544	494
2592	460
2640	469
2688	430
2736	421
2784	376
2832	367
2880	366
2928	340
2976	367
3024	369
3072	360
3120	341
3168	332
3216	300
3264	361
3312	367
3360	315
3408	334
3456	310
3504	326
3552	316
3600	300
3648	303
3696	279
3744	296
3792	277
3840	243
3888	220
3936	200
3984	205
4032	190
4080	170
4128	150
4176	151
4224	142
4272	109
4320	122
4368	117
4416	125
4464	110
4512	91
4560	76
4608	82
4656	80
4704	74
4752	89
4800	68
4848	58
4896	62
4944	55
4992	77
5040	71
5088	59
5136	55
5184	55
5232	55
5280	59
5328	48
5376	50
5424	39
5472	35
5520	49
5568	39
5616	32
5664	38
5712	42
5760	38
5808	38
5856	42
5904	33
5952	23
6000	39
6048	31
6096	26
6144	21
6192	31
6240	24
6288	35
6336	41
6384	29
6432	28
6480	36
6528	35
6576	29
6624	32
6672	24
6720	32
6768	19
6816	28
6864	22
6912	18
6960	26
7008	22
7056	24
7104	23
7152	17
7200	30
7248	19
7296	24
7344	20
7392	27
7440	24
7488	12
7536	16
7584	19
7632	23
7680	31
7728	19
7776	17
7824	16
7872	15
7920	18
7968	19
8016	17
8064	17
8112	16
8160	22
8208	10
8256	15
8304	15
8352	13
8400	11
8448	23
8496	14
8544	12
8592	21
8640	18
8688	11
8736	19
8784	20
8832	17
8880	16
8928	22
8976	17
9024	16
9072	17
9120	9
9168	16
9216	11
9264	20
9312	19
9360	10
9408	15
9456	14
9504	16
9552	10
9600	11
9648	10
9696	14
9744	21
9792	20
9840	11
9888	15
9936	15
9984	13
10032	11
10080	9
10128	16
10176	11
10224	13
10272	9
10320	13
10368	15
10416	17
10464	17
10512	22
10560	13
10608	12
10656	10
10704	18
10752	16
10800	11
10848	12
10896	12
10944	15
10992	10
11040	12
11088	16
11136	16
11184	15
11232	14
11280	5
11328	11
11376	8
11424	16
11472	15
11520	8
11568	13
11616	16
11664	14
11712	6
11760	19
11808	14
11856	19
11904	14
11952	6
12000	9
12048	16
12096	21
12144	12
12192	28
12240	57
