"Time (ps)"	"Counts per bin"
0	1271
48	1592
96	2408
144	3307
192	4377
240	5513
288	6931
336	8451
384	10025
432	11973
480	14232
528	16120
576	17884
624	19480
672	19809
720	19849
768	19344
816	18215
864	16498
912	15014
960	13268
1008	12090
1056	10503
1104	9228
1152	8014
1200	7018
1248	6246
1296	5542
1344	4909
1392	4275
1440	3851
1488	3424
1536	3279
1584	2783
1632	2557
1680	2223
1728	2034
1776	1863
1824	1707
1872	1613
1920	1494
1968	1313
2016	1192
2064	1127
2112	1030
2160	1021
2208	920
2256	837
2304	829
2352	732
2400	675
2448	651
2496	626
2544	595
2592	562
2640	512
2688	485
2736	441
2784	464
2832	437
2880	419
2928	407
2976	428
3024	390
3072	409
3120	387
3168	403
3216	371
3264	372
3312	414
3360	414
3408	365
3456	373
3504	373
3552	396
3600	357
3648	338
3696	330
3744	330
3792	292
3840	280
3888	264
3936	233
3984	236
4032	182
4080	184
4128	193
4176	164
4224	133
4272	134
4320	146
4368	123
4416	125
4464	109
4512	90
4560	87
4608	100
4656	75
4704	82
4752	72
4800	78
4848	72
4896	75
4944	68
4992	56
5040	60
5088	74
5136	60
5184	53
5232	71
5280	61
5328	50
5376	41
5424	51
5472	49
5520	45
5568	44
5616	43
5664	48
5712	43
5760	45
5808	31
5856	37
5904	42
5952	46
6000	29
6048	39
6096	39
6144	32
6192	30
6240	41
6288	38
6336	39
6384	33
6432	32
6480	32
6528	28
6576	32
6624	33
6672	33
6720	29
6768	26
6816	30
6864	33
6912	28
6960	30
7008	28
7056	36
7104	32
7152	23
7200	27
7248	37
7296	30
7344	24
7392	22
7440	22
7488	31
7536	14
7584	21
7632	21
7680	19
7728	29
7776	28
7824	28
7872	17
7920	15
7968	19
8016	20
8064	16
8112	26
8160	17
8208	22
8256	19
8304	23
8352	15
8400	22
8448	18
8496	16
8544	18
8592	23
8640	14
8688	15
8736	20
8784	27
8832	18
8880	15
8928	22
8976	18
9024	20
9072	23
9120	14
9168	26
9216	13
9264	18
9312	19
9360	13
9408	21
9456	15
9504	16
9552	15
9600	17
9648	15
9696	16
9744	20
9792	13
9840	17
9888	22
9936	14
9984	17
10032	16
10080	18
10128	13
10176	14
10224	12
10272	19
10320	23
10368	15
10416	15
10464	8
10512	14
10560	16
10608	14
10656	16
10704	11
10752	15
10800	13
10848	13
10896	14
10944	9
10992	17
11040	14
11088	13
11136	16
11184	14
11232	18
11280	18
11328	7
11376	11
11424	11
11472	12
11520	6
11568	14
11616	10
11664	16
11712	13
11760	14
11808	19
11856	19
11904	20
11952	13
12000	12
12048	21
12096	15
12144	25
12192	31
12240	52
