"Time (ps)"	"Counts per bin"
0	1837
48	2359
96	3314
144	4638
192	6128
240	7596
288	9556
336	11488
384	13774
432	16153
480	18744
528	21297
576	23341
624	24872
672	25766
720	25154
768	24182
816	22704
864	21100
912	18735
960	16928
1008	14760
1056	13227
1104	11385
1152	10043
1200	9030
1248	7818
1296	6875
1344	6064
1392	5304
1440	4851
1488	4310
1536	3955
1584	3459
1632	3169
1680	2894
1728	2689
1776	2345
1824	2170
1872	1994
1920	1750
1968	1743
2016	1522
2064	1421
2112	1323
2160	1278
2208	1139
2256	1057
2304	1014
2352	894
2400	858
2448	811
2496	719
2544	721
2592	652
2640	606
2688	562
2736	596
2784	546
2832	553
2880	517
2928	549
2976	500
3024	532
3072	439
3120	513
3168	500
3216	510
3264	456
3312	485
3360	542
3408	486
3456	464
3504	464
3552	463
3600	442
3648	450
3696	398
3744	387
3792	377
3840	309
3888	308
3936	288
3984	274
4032	246
4080	203
4128	214
4176	184
4224	188
4272	217
4320	187
4368	161
4416	164
4464	152
4512	125
4560	137
4608	140
4656	114
4704	128
4752	103
4800	102
4848	98
4896	102
4944	87
4992	83
5040	67
5088	67
5136	84
5184	78
5232	79
5280	56
5328	64
5376	75
5424	52
5472	65
5520	67
5568	56
5616	59
5664	55
5712	62
5760	47
5808	51
5856	58
5904	46
5952	53
6000	60
6048	46
6096	58
6144	64
6192	51
6240	45
6288	52
6336	40
6384	36
6432	42
6480	43
6528	52
6576	49
6624	40
6672	62
6720	42
6768	38
6816	32
6864	37
6912	34
6960	46
7008	39
7056	34
7104	42
7152	28
7200	32
7248	36
7296	40
7344	33
7392	28
7440	26
7488	29
7536	31
7584	33
7632	28
7680	23
7728	26
7776	24
7824	19
7872	27
7920	21
7968	23
8016	18
8064	32
8112	20
8160	27
8208	24
8256	23
8304	26
8352	22
8400	22
8448	14
8496	28
8544	26
8592	19
8640	31
8688	31
8736	23
8784	23
8832	15
8880	27
8928	25
8976	16
9024	27
9072	20
9120	25
9168	22
9216	22
9264	18
9312	28
9360	22
9408	23
9456	19
9504	18
9552	26
9600	23
9648	24
9696	21
9744	15
9792	26
9840	18
9888	25
9936	24
9984	27
10032	30
10080	26
10128	31
10176	19
10224	18
10272	13
10320	22
10368	21
10416	16
10464	26
10512	16
10560	16
10608	18
10656	23
10704	21
10752	10
10800	19
10848	18
10896	20
10944	20
10992	25
11040	18
11088	19
11136	10
11184	10
11232	20
11280	22
11328	15
11376	18
11424	22
11472	16
11520	17
11568	16
11616	14
11664	15
11712	25
11760	27
11808	18
11856	13
11904	10
11952	14
12000	16
12048	12
12096	28
12144	38
12192	57
12240	101
