"Time (ps)"	"Counts per bin"
0	2235
48	2866
96	3929
144	5427
192	6882
240	8691
288	10850
336	13069
384	15666
432	18376
480	21275
528	24179
576	26688
624	28084
672	28401
720	28119
768	26824
816	25226
864	23167
912	20456
960	18494
1008	16341
1056	14480
1104	12801
1152	11175
1200	9654
1248	8618
1296	7626
1344	6774
1392	5971
1440	5356
1488	4726
1536	4313
1584	3814
1632	3524
1680	3131
1728	2852
1776	2734
1824	2341
1872	2180
1920	1916
1968	1841
2016	1772
2064	1494
2112	1479
2160	1351
2208	1249
2256	1181
2304	1088
2352	980
2400	1013
2448	865
2496	784
2544	745
2592	767
2640	675
2688	702
2736	673
2784	631
2832	612
2880	581
2928	607
2976	557
3024	566
3072	582
3120	624
3168	529
3216	580
3264	542
3312	532
3360	555
3408	535
3456	538
3504	515
3552	536
3600	495
3648	436
3696	456
3744	435
3792	379
3840	376
3888	340
3936	316
3984	308
4032	315
4080	263
4128	259
4176	234
4224	242
4272	200
4320	189
4368	165
4416	173
4464	175
4512	159
4560	122
4608	159
4656	126
4704	120
4752	109
4800	105
4848	128
4896	95
4944	110
4992	76
5040	90
5088	83
5136	89
5184	102
5232	70
5280	50
5328	73
5376	80
5424	64
5472	83
5520	60
5568	62
5616	65
5664	49
5712	62
5760	57
5808	56
5856	54
5904	51
5952	44
6000	49
6048	61
6096	55
6144	69
6192	60
6240	55
6288	51
6336	46
6384	58
6432	46
6480	56
6528	43
6576	59
6624	42
6672	45
6720	33
6768	32
6816	42
6864	46
6912	36
6960	39
7008	34
7056	45
7104	29
7152	46
7200	34
7248	39
7296	26
7344	39
7392	34
7440	25
7488	37
7536	41
7584	29
7632	36
7680	30
7728	30
7776	44
7824	33
7872	35
7920	28
7968	36
8016	33
8064	34
8112	22
8160	32
8208	22
8256	29
8304	32
8352	14
8400	28
8448	26
8496	31
8544	28
8592	22
8640	27
8688	26
8736	20
8784	29
8832	28
8880	24
8928	30
8976	30
9024	23
9072	31
9120	30
9168	24
9216	16
9264	18
9312	28
9360	26
9408	27
9456	28
9504	25
9552	25
9600	29
9648	25
9696	14
9744	20
9792	19
9840	25
9888	23
9936	20
9984	33
10032	25
10080	27
10128	27
10176	27
10224	20
10272	11
10320	24
10368	26
10416	22
10464	13
10512	20
10560	35
10608	19
10656	19
10704	22
10752	30
10800	26
10848	17
10896	23
10944	18
10992	24
11040	18
11088	20
11136	20
11184	19
11232	10
11280	19
11328	26
11376	14
11424	20
11472	21
11520	23
11568	19
11616	12
11664	17
11712	16
11760	15
11808	20
11856	20
11904	14
11952	20
12000	17
12048	14
12096	19
12144	41
12192	56
12240	106
