"Time (ps)"	"Counts per bin"
0	2490
48	3111
96	4471
144	5894
192	7808
240	9641
288	11851
336	14393
384	17261
432	20264
480	23304
528	26577
576	28508
624	30039
672	30341
720	30142
768	28908
816	26315
864	24342
912	22007
960	19287
1008	17335
1056	15287
1104	13252
1152	11646
1200	10294
1248	9179
1296	8151
1344	7042
1392	6393
1440	5640
1488	5076
1536	4427
1584	4126
1632	3655
1680	3361
1728	3128
1776	2770
1824	2595
1872	2278
1920	2081
1968	1930
2016	1777
2064	1645
2112	1501
2160	1425
2208	1324
2256	1218
2304	1132
2352	1137
2400	1011
2448	958
2496	867
2544	886
2592	824
2640	728
2688	716
2736	719
2784	677
2832	631
2880	678
2928	617
2976	611
3024	595
3072	610
3120	574
3168	623
3216	578
3264	584
3312	588
3360	632
3408	600
3456	557
3504	599
3552	533
3600	524
3648	483
3696	465
3744	417
3792	394
3840	397
3888	358
3936	386
3984	307
4032	299
4080	280
4128	275
4176	254
4224	254
4272	209
4320	204
4368	188
4416	193
4464	185
4512	162
4560	137
4608	151
4656	146
4704	123
4752	145
4800	143
4848	111
4896	100
4944	104
4992	103
5040	100
5088	94
5136	89
5184	109
5232	88
5280	85
5328	82
5376	82
5424	66
5472	75
5520	49
5568	69
5616	55
5664	65
5712	61
5760	62
5808	58
5856	70
5904	57
5952	46
6000	48
6048	60
6096	54
6144	70
6192	54
6240	58
6288	46
6336	67
6384	58
6432	52
6480	49
6528	45
6576	49
6624	62
6672	51
6720	39
6768	38
6816	34
6864	49
6912	51
6960	51
7008	50
7056	47
7104	42
7152	40
7200	47
7248	45
7296	33
7344	36
7392	38
7440	40
7488	37
7536	37
7584	49
7632	39
7680	26
7728	47
7776	32
7824	34
7872	26
7920	33
7968	37
8016	29
8064	35
8112	17
8160	28
8208	31
8256	24
8304	21
8352	30
8400	25
8448	21
8496	21
8544	26
8592	18
8640	25
8688	41
8736	29
8784	25
8832	31
8880	28
8928	22
8976	31
9024	24
9072	26
9120	27
9168	29
9216	40
9264	40
9312	21
9360	27
9408	22
9456	33
9504	27
9552	23
9600	28
9648	19
9696	23
9744	27
9792	27
9840	17
9888	29
9936	29
9984	20
10032	17
10080	21
10128	21
10176	20
10224	30
10272	28
10320	25
10368	23
10416	20
10464	18
10512	25
10560	29
10608	23
10656	30
10704	25
10752	27
10800	23
10848	22
10896	29
10944	20
10992	27
11040	39
11088	25
11136	19
11184	29
11232	24
11280	18
11328	28
11376	26
11424	19
11472	19
11520	20
11568	25
11616	16
11664	17
11712	20
11760	16
11808	16
11856	16
11904	23
11952	20
12000	15
12048	21
12096	38
12144	46
12192	77
12240	130
