"Time (ps)"	"Counts per bin"
0	2832
48	3557
96	5159
144	6594
192	8637
240	10751
288	13263
336	16007
384	19115
432	22300
480	25833
528	28835
576	31428
624	32539
672	32968
720	31989
768	30802
816	28793
864	25963
912	23713
960	20960
1008	18460
1056	16040
1104	14317
1152	12449
1200	11069
1248	9783
1296	8697
1344	7614
1392	6804
1440	6131
1488	5379
1536	4919
1584	4359
1632	3905
1680	3593
1728	3271
1776	2967
1824	2545
1872	2510
1920	2255
1968	2058
2016	1997
2064	1850
2112	1649
2160	1524
2208	1406
2256	1326
2304	1232
2352	1184
2400	1147
2448	1042
2496	982
2544	926
2592	844
2640	787
2688	773
2736	766
2784	724
2832	625
2880	672
2928	657
2976	657
3024	663
3072	699
3120	680
3168	657
3216	647
3264	703
3312	647
3360	680
3408	655
3456	618
3504	575
3552	553
3600	564
3648	594
3696	582
3744	473
3792	483
3840	426
3888	409
3936	402
3984	368
4032	339
4080	316
4128	280
4176	226
4224	242
4272	255
4320	195
4368	215
4416	193
4464	177
4512	183
4560	158
4608	181
4656	149
4704	165
4752	126
4800	112
4848	118
4896	116
4944	128
4992	106
5040	113
5088	107
5136	107
5184	93
5232	88
5280	100
5328	91
5376	86
5424	83
5472	61
5520	83
5568	72
5616	68
5664	76
5712	82
5760	58
5808	66
5856	80
5904	80
5952	78
6000	60
6048	63
6096	60
6144	66
6192	70
6240	56
6288	69
6336	49
6384	62
6432	78
6480	59
6528	68
6576	48
6624	50
6672	61
6720	42
6768	67
6816	54
6864	60
6912	57
6960	51
7008	48
7056	41
7104	39
7152	34
7200	56
7248	46
7296	47
7344	33
7392	42
7440	35
7488	42
7536	48
7584	44
7632	31
7680	42
7728	30
7776	28
7824	29
7872	25
7920	29
7968	34
8016	31
8064	37
8112	35
8160	37
8208	41
8256	33
8304	32
8352	32
8400	23
8448	33
8496	16
8544	30
8592	21
8640	24
8688	31
8736	22
8784	30
8832	33
8880	27
8928	23
8976	27
9024	24
9072	44
9120	28
9168	34
9216	31
9264	38
9312	43
9360	29
9408	25
9456	31
9504	36
9552	24
9600	33
9648	23
9696	25
9744	28
9792	28
9840	31
9888	37
9936	23
9984	35
10032	29
10080	21
10128	29
10176	21
10224	30
10272	23
10320	32
10368	32
10416	24
10464	35
10512	30
10560	15
10608	27
10656	20
10704	27
10752	17
10800	31
10848	25
10896	30
10944	22
10992	31
11040	24
11088	28
11136	28
11184	23
11232	23
11280	28
11328	26
11376	24
11424	18
11472	21
11520	26
11568	24
11616	26
11664	19
11712	21
11760	22
11808	20
11856	18
11904	27
11952	29
12000	21
12048	26
12096	37
12144	51
12192	90
12240	167
