"Time (ps)"	"Counts per bin"
0	3598
48	4407
96	6016
144	7748
192	10266
240	12712
288	15424
336	18446
384	22329
432	25712
480	29628
528	32938
576	35813
624	36786
672	37469
720	35973
768	34588
816	31913
864	29044
912	26210
960	23226
1008	20666
1056	18267
1104	16331
1152	14046
1200	12565
1248	10851
1296	9706
1344	8702
1392	7717
1440	6646
1488	6102
1536	5541
1584	4938
1632	4406
1680	4004
1728	3624
1776	3379
1824	3121
1872	2712
1920	2591
1968	2348
2016	2176
2064	2015
2112	1836
2160	1689
2208	1615
2256	1574
2304	1414
2352	1352
2400	1191
2448	1147
2496	1096
2544	1055
2592	990
2640	914
2688	944
2736	840
2784	869
2832	807
2880	781
2928	768
2976	709
3024	728
3072	773
3120	758
3168	763
3216	702
3264	727
3312	778
3360	731
3408	720
3456	696
3504	695
3552	652
3600	623
3648	610
3696	575
3744	533
3792	554
3840	447
3888	455
3936	432
3984	371
4032	369
4080	323
4128	326
4176	279
4224	287
4272	282
4320	213
4368	241
4416	222
4464	221
4512	180
4560	218
4608	168
4656	175
4704	150
4752	145
4800	165
4848	121
4896	148
4944	116
4992	132
5040	137
5088	111
5136	117
5184	116
5232	112
5280	108
5328	94
5376	90
5424	93
5472	94
5520	85
5568	77
5616	80
5664	83
5712	72
5760	85
5808	86
5856	89
5904	78
5952	77
6000	62
6048	65
6096	67
6144	72
6192	80
6240	68
6288	53
6336	65
6384	51
6432	61
6480	68
6528	51
6576	71
6624	79
6672	60
6720	50
6768	52
6816	60
6864	52
6912	50
6960	33
7008	50
7056	47
7104	70
7152	59
7200	57
7248	42
7296	70
7344	49
7392	44
7440	42
7488	39
7536	50
7584	36
7632	40
7680	42
7728	42
7776	39
7824	38
7872	48
7920	30
7968	39
8016	31
8064	31
8112	37
8160	37
8208	39
8256	31
8304	27
8352	38
8400	43
8448	40
8496	40
8544	26
8592	40
8640	38
8688	27
8736	41
8784	41
8832	28
8880	36
8928	33
8976	28
9024	35
9072	29
9120	34
9168	36
9216	36
9264	31
9312	33
9360	32
9408	34
9456	28
9504	33
9552	36
9600	34
9648	28
9696	29
9744	40
9792	41
9840	36
9888	31
9936	27
9984	32
10032	33
10080	30
10128	30
10176	27
10224	33
10272	33
10320	35
10368	28
10416	29
10464	27
10512	25
10560	24
10608	34
10656	37
10704	22
10752	22
10800	25
10848	26
10896	27
10944	31
10992	28
11040	30
11088	29
11136	25
11184	26
11232	31
11280	23
11328	21
11376	31
11424	25
11472	26
11520	23
11568	23
11616	13
11664	29
11712	16
11760	25
11808	17
11856	25
11904	24
11952	27
12000	33
12048	31
12096	40
12144	61
12192	127
12240	220
