"Time (ps)"	"Counts per bin"
0	3611
48	4509
96	6238
144	8296
192	10601
240	13253
288	16125
336	18966
384	22844
432	26863
480	30324
528	34061
576	36394
624	37836
672	37610
720	36736
768	34589
816	32007
864	29133
912	26373
960	23058
1008	20483
1056	18002
1104	16239
1152	14157
1200	12461
1248	11002
1296	9566
1344	8556
1392	7813
1440	6715
1488	5983
1536	5455
1584	4948
1632	4488
1680	4109
1728	3759
1776	3219
1824	3141
1872	2924
1920	2600
1968	2347
2016	2227
2064	2093
2112	1775
2160	1783
2208	1615
2256	1570
2304	1394
2352	1335
2400	1298
2448	1213
2496	1061
2544	1029
2592	972
2640	918
2688	861
2736	850
2784	818
2832	796
2880	789
2928	778
2976	776
3024	705
3072	773
3120	784
3168	736
3216	716
3264	722
3312	759
3360	754
3408	719
3456	737
3504	752
3552	682
3600	642
3648	614
3696	573
3744	557
3792	465
3840	443
3888	469
3936	409
3984	371
4032	376
4080	398
4128	315
4176	309
4224	266
4272	274
4320	263
4368	201
4416	219
4464	187
4512	218
4560	194
4608	204
4656	175
4704	151
4752	148
4800	142
4848	141
4896	161
4944	125
4992	148
5040	144
5088	125
5136	126
5184	109
5232	105
5280	112
5328	105
5376	79
5424	91
5472	99
5520	87
5568	75
5616	72
5664	86
5712	90
5760	72
5808	83
5856	65
5904	73
5952	73
6000	81
6048	71
6096	65
6144	73
6192	73
6240	53
6288	71
6336	62
6384	69
6432	64
6480	69
6528	54
6576	65
6624	77
6672	57
6720	64
6768	56
6816	60
6864	46
6912	76
6960	52
7008	63
7056	44
7104	48
7152	53
7200	41
7248	42
7296	62
7344	56
7392	56
7440	47
7488	42
7536	40
7584	37
7632	45
7680	45
7728	48
7776	39
7824	39
7872	33
7920	36
7968	37
8016	28
8064	39
8112	49
8160	40
8208	42
8256	39
8304	37
8352	37
8400	39
8448	35
8496	34
8544	26
8592	31
8640	35
8688	27
8736	44
8784	40
8832	47
8880	44
8928	38
8976	33
9024	37
9072	38
9120	28
9168	30
9216	32
9264	27
9312	33
9360	29
9408	36
9456	41
9504	28
9552	25
9600	28
9648	31
9696	39
9744	30
9792	25
9840	39
9888	29
9936	43
9984	34
10032	34
10080	24
10128	32
10176	29
10224	27
10272	37
10320	36
10368	23
10416	24
10464	31
10512	31
10560	27
10608	23
10656	26
10704	33
10752	31
10800	30
10848	28
10896	27
10944	26
10992	42
11040	27
11088	18
11136	23
11184	36
11232	34
11280	33
11328	31
11376	33
11424	27
11472	29
11520	25
11568	27
11616	32
11664	28
11712	21
11760	21
11808	26
11856	22
11904	21
11952	16
12000	28
12048	38
12096	41
12144	64
12192	116
12240	236
