"Time (ps)"	"Counts per bin"
0	4136
48	5127
96	7169
144	9229
192	11764
240	14579
288	17503
336	20947
384	25043
432	29235
480	33341
528	36694
576	38905
624	40885
672	39941
720	39218
768	36861
816	34023
864	30924
912	27653
960	24731
1008	21685
1056	19277
1104	16754
1152	14673
1200	13179
1248	11635
1296	10194
1344	9176
1392	8065
1440	7269
1488	6560
1536	5787
1584	5275
1632	4632
1680	4464
1728	3877
1776	3681
1824	3207
1872	3043
1920	2789
1968	2461
2016	2303
2064	2129
2112	1972
2160	1839
2208	1743
2256	1623
2304	1484
2352	1434
2400	1364
2448	1207
2496	1165
2544	1095
2592	1065
2640	1043
2688	919
2736	911
2784	884
2832	859
2880	824
2928	846
2976	814
3024	845
3072	813
3120	797
3168	789
3216	833
3264	826
3312	774
3360	820
3408	755
3456	793
3504	734
3552	709
3600	683
3648	630
3696	668
3744	607
3792	573
3840	508
3888	506
3936	464
3984	438
4032	369
4080	363
4128	355
4176	333
4224	267
4272	274
4320	255
4368	261
4416	247
4464	239
4512	229
4560	172
4608	183
4656	171
4704	154
4752	206
4800	143
4848	129
4896	144
4944	127
4992	153
5040	126
5088	131
5136	130
5184	118
5232	126
5280	117
5328	102
5376	102
5424	93
5472	97
5520	96
5568	93
5616	96
5664	103
5712	86
5760	92
5808	83
5856	96
5904	70
5952	86
6000	90
6048	86
6096	85
6144	83
6192	89
6240	71
6288	81
6336	61
6384	70
6432	64
6480	65
6528	83
6576	49
6624	64
6672	64
6720	58
6768	69
6816	69
6864	55
6912	60
6960	47
7008	51
7056	56
7104	53
7152	59
7200	51
7248	39
7296	47
7344	62
7392	46
7440	55
7488	52
7536	52
7584	43
7632	46
7680	57
7728	45
7776	39
7824	48
7872	48
7920	43
7968	41
8016	34
8064	39
8112	31
8160	37
8208	46
8256	34
8304	43
8352	44
8400	41
8448	46
8496	29
8544	39
8592	46
8640	47
8688	26
8736	39
8784	27
8832	30
8880	46
8928	41
8976	43
9024	35
9072	36
9120	45
9168	32
9216	31
9264	29
9312	37
9360	42
9408	44
9456	46
9504	29
9552	39
9600	31
9648	38
9696	39
9744	32
9792	30
9840	30
9888	25
9936	36
9984	39
10032	35
10080	35
10128	28
10176	31
10224	33
10272	42
10320	34
10368	31
10416	26
10464	30
10512	26
10560	39
10608	31
10656	35
10704	35
10752	31
10800	25
10848	38
10896	46
10944	26
10992	32
11040	26
11088	29
11136	30
11184	28
11232	40
11280	29
11328	44
11376	30
11424	24
11472	29
11520	29
11568	24
11616	29
11664	23
11712	30
11760	22
11808	27
11856	31
11904	28
11952	18
12000	35
12048	38
12096	27
12144	74
12192	129
12240	273
