"Time (ps)"	"Counts per bin"
0	4434
48	5266
96	7525
144	9885
192	12531
240	15122
288	18443
336	22176
384	26104
432	30616
480	34313
528	37603
576	40085
624	41442
672	40617
720	39848
768	37572
816	34301
864	31194
912	27754
960	24983
1008	22141
1056	19352
1104	17123
1152	15173
1200	13342
1248	11885
1296	10432
1344	9121
1392	8203
1440	7209
1488	6534
1536	5863
1584	5232
1632	4760
1680	4309
1728	3864
1776	3706
1824	3314
1872	3024
1920	2747
1968	2610
2016	2433
2064	2119
2112	2025
2160	1976
2208	1834
2256	1608
2304	1586
2352	1393
2400	1357
2448	1207
2496	1224
2544	1169
2592	1036
2640	1002
2688	950
2736	970
2784	964
2832	926
2880	783
2928	917
2976	851
3024	885
3072	803
3120	838
3168	812
3216	821
3264	838
3312	795
3360	833
3408	827
3456	794
3504	762
3552	736
3600	750
3648	694
3696	632
3744	630
3792	585
3840	531
3888	513
3936	469
3984	454
4032	385
4080	355
4128	311
4176	308
4224	309
4272	301
4320	262
4368	228
4416	242
4464	215
4512	229
4560	228
4608	199
4656	199
4704	184
4752	197
4800	172
4848	146
4896	154
4944	139
4992	146
5040	156
5088	137
5136	113
5184	121
5232	116
5280	106
5328	116
5376	117
5424	96
5472	101
5520	101
5568	80
5616	93
5664	74
5712	88
5760	88
5808	82
5856	72
5904	93
5952	75
6000	82
6048	91
6096	95
6144	78
6192	82
6240	89
6288	71
6336	93
6384	79
6432	66
6480	65
6528	62
6576	71
6624	82
6672	69
6720	69
6768	55
6816	66
6864	58
6912	55
6960	58
7008	54
7056	53
7104	59
7152	55
7200	68
7248	54
7296	47
7344	62
7392	63
7440	36
7488	51
7536	56
7584	34
7632	58
7680	48
7728	42
7776	46
7824	43
7872	48
7920	35
7968	48
8016	40
8064	41
8112	38
8160	48
8208	44
8256	50
8304	26
8352	33
8400	46
8448	59
8496	39
8544	44
8592	42
8640	53
8688	24
8736	42
8784	33
8832	38
8880	42
8928	44
8976	27
9024	38
9072	34
9120	29
9168	45
9216	34
9264	46
9312	35
9360	31
9408	28
9456	43
9504	36
9552	38
9600	37
9648	33
9696	41
9744	39
9792	33
9840	38
9888	26
9936	44
9984	37
10032	35
10080	33
10128	30
10176	34
10224	39
10272	38
10320	40
10368	31
10416	36
10464	50
10512	38
10560	44
10608	39
10656	29
10704	41
10752	33
10800	33
10848	35
10896	35
10944	29
10992	25
11040	33
11088	37
11136	32
11184	30
11232	42
11280	31
11328	26
11376	23
11424	25
11472	30
11520	26
11568	23
11616	32
11664	27
11712	26
11760	33
11808	24
11856	27
11904	33
11952	29
12000	24
12048	41
12096	55
12144	83
12192	149
12240	290
