"Time (ps)"	"Counts per bin"
0	4929
48	5954
96	8118
144	10624
192	13274
240	16212
288	19754
336	23483
384	28024
432	32186
480	36471
528	39911
576	42306
624	43393
672	42745
720	41256
768	38688
816	35348
864	32277
912	28634
960	25535
1008	22860
1056	19922
1104	17333
1152	15297
1200	13729
1248	12109
1296	10591
1344	9547
1392	8295
1440	7359
1488	6919
1536	6042
1584	5660
1632	5004
1680	4542
1728	4097
1776	3667
1824	3381
1872	3186
1920	2945
1968	2585
2016	2477
2064	2269
2112	2061
2160	1952
2208	1844
2256	1720
2304	1580
2352	1518
2400	1347
2448	1342
2496	1263
2544	1163
2592	1114
2640	1126
2688	945
2736	973
2784	985
2832	970
2880	919
2928	889
2976	821
3024	841
3072	865
3120	856
3168	900
3216	854
3264	895
3312	767
3360	807
3408	856
3456	789
3504	817
3552	704
3600	716
3648	663
3696	620
3744	619
3792	588
3840	541
3888	486
3936	495
3984	438
4032	398
4080	404
4128	365
4176	346
4224	311
4272	303
4320	290
4368	282
4416	242
4464	231
4512	195
4560	202
4608	198
4656	192
4704	205
4752	172
4800	162
4848	186
4896	137
4944	157
4992	145
5040	131
5088	137
5136	126
5184	133
5232	126
5280	113
5328	109
5376	90
5424	115
5472	110
5520	95
5568	116
5616	96
5664	77
5712	101
5760	99
5808	101
5856	85
5904	81
5952	110
6000	67
6048	86
6096	74
6144	94
6192	83
6240	66
6288	93
6336	77
6384	86
6432	75
6480	94
6528	70
6576	70
6624	74
6672	72
6720	79
6768	70
6816	67
6864	74
6912	70
6960	66
7008	65
7056	52
7104	71
7152	65
7200	54
7248	52
7296	42
7344	51
7392	63
7440	56
7488	59
7536	68
7584	49
7632	47
7680	42
7728	46
7776	41
7824	51
7872	41
7920	39
7968	50
8016	49
8064	30
8112	52
8160	39
8208	37
8256	46
8304	49
8352	43
8400	40
8448	47
8496	49
8544	48
8592	37
8640	38
8688	35
8736	28
8784	29
8832	38
8880	36
8928	51
8976	37
9024	44
9072	38
9120	49
9168	30
9216	30
9264	35
9312	43
9360	28
9408	46
9456	45
9504	41
9552	49
9600	38
9648	34
9696	41
9744	36
9792	41
9840	26
9888	44
9936	39
9984	32
10032	22
10080	30
10128	41
10176	33
10224	36
10272	41
10320	36
10368	30
10416	38
10464	37
10512	32
10560	33
10608	39
10656	37
10704	39
10752	34
10800	36
10848	39
10896	24
10944	28
10992	34
11040	31
11088	30
11136	37
11184	31
11232	25
11280	26
11328	36
11376	31
11424	30
11472	33
11520	23
11568	36
11616	32
11664	25
11712	38
11760	28
11808	20
11856	39
11904	28
11952	36
12000	31
12048	30
12096	52
12144	93
12192	173
12240	329
