"Time (ps)"	"Counts per bin"
0	5361
48	6552
96	8748
144	10990
192	14038
240	17405
288	20800
336	24786
384	29212
432	33548
480	37518
528	41144
576	43173
624	43866
672	43542
720	41684
768	38828
816	35972
864	32113
912	28821
960	25598
1008	22596
1056	19805
1104	17335
1152	15192
1200	13455
1248	12201
1296	10744
1344	9450
1392	8550
1440	7505
1488	6660
1536	5999
1584	5547
1632	5069
1680	4399
1728	4090
1776	3779
1824	3481
1872	3146
1920	2974
1968	2631
2016	2463
2064	2251
2112	2090
2160	1945
2208	1921
2256	1729
2304	1624
2352	1419
2400	1417
2448	1386
2496	1279
2544	1184
2592	1088
2640	1045
2688	1082
2736	1010
2784	901
2832	874
2880	937
2928	924
2976	885
3024	893
3072	869
3120	878
3168	898
3216	843
3264	911
3312	863
3360	802
3408	876
3456	788
3504	795
3552	790
3600	712
3648	700
3696	685
3744	597
3792	580
3840	523
3888	524
3936	489
3984	431
4032	419
4080	407
4128	358
4176	343
4224	291
4272	288
4320	304
4368	284
4416	228
4464	226
4512	227
4560	201
4608	203
4656	192
4704	187
4752	153
4800	175
4848	155
4896	164
4944	161
4992	146
5040	142
5088	145
5136	145
5184	113
5232	133
5280	119
5328	109
5376	126
5424	87
5472	122
5520	87
5568	95
5616	111
5664	91
5712	95
5760	99
5808	94
5856	93
5904	89
5952	87
6000	72
6048	68
6096	85
6144	87
6192	90
6240	75
6288	82
6336	72
6384	92
6432	71
6480	83
6528	75
6576	68
6624	66
6672	62
6720	52
6768	55
6816	59
6864	85
6912	63
6960	57
7008	65
7056	75
7104	74
7152	47
7200	62
7248	61
7296	45
7344	72
7392	48
7440	51
7488	45
7536	50
7584	56
7632	47
7680	48
7728	59
7776	52
7824	45
7872	45
7920	44
7968	56
8016	48
8064	46
8112	52
8160	44
8208	41
8256	35
8304	40
8352	48
8400	34
8448	57
8496	39
8544	41
8592	33
8640	38
8688	36
8736	40
8784	46
8832	49
8880	43
8928	40
8976	40
9024	34
9072	33
9120	37
9168	39
9216	34
9264	34
9312	44
9360	45
9408	43
9456	42
9504	36
9552	43
9600	36
9648	47
9696	32
9744	47
9792	30
9840	40
9888	43
9936	33
9984	30
10032	41
10080	40
10128	43
10176	45
10224	31
10272	36
10320	34
10368	38
10416	29
10464	40
10512	29
10560	41
10608	36
10656	35
10704	35
10752	30
10800	50
10848	34
10896	25
10944	33
10992	49
11040	27
11088	34
11136	38
11184	38
11232	31
11280	30
11328	31
11376	37
11424	41
11472	32
11520	36
11568	33
11616	25
11664	30
11712	19
11760	33
11808	24
11856	23
11904	33
11952	26
12000	42
12048	39
12096	54
12144	108
12192	212
12240	417
