"Time (ps)"	"Counts per bin"
0	5766
48	6964
96	9202
144	11744
192	14755
240	18079
288	21968
336	25838
384	30286
432	35037
480	39048
528	42379
576	44505
624	44391
672	44090
720	41853
768	39657
816	36014
864	32258
912	28646
960	25654
1008	22350
1056	19694
1104	17305
1152	15368
1200	13334
1248	11956
1296	10517
1344	9452
1392	8636
1440	7542
1488	6888
1536	6019
1584	5456
1632	5027
1680	4589
1728	4091
1776	3763
1824	3437
1872	3225
1920	2799
1968	2664
2016	2455
2064	2271
2112	2149
2160	1974
2208	1859
2256	1715
2304	1523
2352	1474
2400	1362
2448	1311
2496	1191
2544	1168
2592	1125
2640	1089
2688	1049
2736	1003
2784	998
2832	945
2880	896
2928	897
2976	876
3024	900
3072	883
3120	928
3168	891
3216	817
3264	880
3312	888
3360	912
3408	843
3456	815
3504	781
3552	818
3600	731
3648	710
3696	689
3744	603
3792	606
3840	534
3888	528
3936	478
3984	417
4032	438
4080	374
4128	329
4176	356
4224	307
4272	285
4320	273
4368	279
4416	241
4464	249
4512	221
4560	227
4608	194
4656	194
4704	177
4752	180
4800	178
4848	161
4896	167
4944	143
4992	137
5040	164
5088	128
5136	148
5184	156
5232	132
5280	124
5328	116
5376	127
5424	97
5472	100
5520	105
5568	102
5616	98
5664	81
5712	85
5760	97
5808	89
5856	97
5904	80
5952	79
6000	80
6048	79
6096	99
6144	85
6192	82
6240	76
6288	97
6336	76
6384	97
6432	84
6480	87
6528	83
6576	68
6624	77
6672	81
6720	69
6768	61
6816	54
6864	63
6912	70
6960	59
7008	63
7056	74
7104	82
7152	64
7200	62
7248	63
7296	52
7344	49
7392	59
7440	53
7488	56
7536	55
7584	66
7632	64
7680	47
7728	50
7776	51
7824	35
7872	51
7920	53
7968	49
8016	42
8064	40
8112	50
8160	50
8208	44
8256	38
8304	51
8352	42
8400	43
8448	39
8496	42
8544	43
8592	54
8640	33
8688	45
8736	39
8784	30
8832	36
8880	27
8928	32
8976	28
9024	44
9072	49
9120	39
9168	40
9216	39
9264	34
9312	36
9360	35
9408	49
9456	39
9504	40
9552	33
9600	40
9648	37
9696	37
9744	30
9792	43
9840	37
9888	29
9936	29
9984	39
10032	30
10080	31
10128	38
10176	40
10224	45
10272	31
10320	29
10368	39
10416	39
10464	40
10512	34
10560	34
10608	29
10656	49
10704	30
10752	34
10800	35
10848	33
10896	35
10944	40
10992	35
11040	39
11088	42
11136	34
11184	26
11232	37
11280	37
11328	39
11376	31
11424	32
11472	34
11520	36
11568	29
11616	28
11664	31
11712	33
11760	33
11808	31
11856	36
11904	36
11952	29
12000	28
12048	48
12096	61
12144	115
12192	232
12240	426
