"Time (ps)"	"Counts per bin"
0	6411
48	7512
96	10165
144	12913
192	15780
240	19363
288	23615
336	28145
384	32646
432	37133
480	41856
528	44456
576	47060
624	47364
672	45654
720	43092
768	40470
816	36872
864	33279
912	29680
960	26205
1008	23468
1056	20303
1104	17838
1152	15892
1200	13992
1248	12311
1296	10946
1344	9586
1392	8682
1440	7755
1488	7042
1536	6183
1584	5637
1632	5121
1680	4618
1728	4221
1776	3898
1824	3483
1872	3315
1920	3010
1968	2739
2016	2549
2064	2383
2112	2191
2160	1990
2208	1934
2256	1813
2304	1669
2352	1552
2400	1432
2448	1339
2496	1276
2544	1248
2592	1161
2640	1157
2688	1118
2736	1004
2784	982
2832	995
2880	959
2928	1012
2976	972
3024	925
3072	976
3120	971
3168	975
3216	923
3264	936
3312	874
3360	955
3408	873
3456	884
3504	855
3552	854
3600	779
3648	757
3696	687
3744	648
3792	604
3840	579
3888	517
3936	485
3984	482
4032	406
4080	412
4128	352
4176	358
4224	319
4272	328
4320	285
4368	310
4416	270
4464	238
4512	260
4560	219
4608	196
4656	185
4704	195
4752	170
4800	192
4848	175
4896	163
4944	161
4992	173
5040	128
5088	147
5136	141
5184	121
5232	148
5280	104
5328	129
5376	126
5424	124
5472	91
5520	93
5568	98
5616	88
5664	104
5712	92
5760	100
5808	94
5856	104
5904	103
5952	96
6000	91
6048	92
6096	90
6144	109
6192	84
6240	95
6288	83
6336	90
6384	79
6432	85
6480	82
6528	82
6576	84
6624	75
6672	84
6720	87
6768	69
6816	87
6864	74
6912	65
6960	64
7008	68
7056	61
7104	60
7152	64
7200	72
7248	65
7296	59
7344	67
7392	44
7440	58
7488	61
7536	53
7584	63
7632	58
7680	76
7728	56
7776	44
7824	47
7872	46
7920	45
7968	56
8016	63
8064	56
8112	50
8160	37
8208	39
8256	59
8304	57
8352	54
8400	32
8448	39
8496	47
8544	45
8592	36
8640	50
8688	37
8736	41
8784	52
8832	34
8880	32
8928	42
8976	51
9024	46
9072	37
9120	47
9168	45
9216	37
9264	37
9312	46
9360	47
9408	49
9456	45
9504	45
9552	42
9600	38
9648	37
9696	39
9744	42
9792	35
9840	40
9888	36
9936	33
9984	42
10032	29
10080	41
10128	46
10176	43
10224	33
10272	31
10320	34
10368	38
10416	41
10464	42
10512	36
10560	43
10608	42
10656	36
10704	28
10752	34
10800	41
10848	36
10896	36
10944	37
10992	30
11040	45
11088	34
11136	29
11184	36
11232	40
11280	36
11328	32
11376	30
11424	42
11472	35
11520	30
11568	42
11616	37
11664	29
11712	34
11760	27
11808	36
11856	36
11904	33
11952	41
12000	31
12048	49
12096	75
12144	131
12192	267
12240	542
