"Time (ps)"	"Counts per bin"
0	7376
48	8687
96	11225
144	14246
192	17800
240	21906
288	25992
336	30923
384	36437
432	41722
480	46014
528	48614
576	50665
624	51241
672	49861
720	47383
768	44108
816	40234
864	36295
912	32019
960	28822
1008	25042
1056	21980
1104	19598
1152	17093
1200	15120
1248	13302
1296	11727
1344	10417
1392	9366
1440	8318
1488	7402
1536	6853
1584	6091
1632	5527
1680	5062
1728	4609
1776	4120
1824	3844
1872	3493
1920	3356
1968	3007
2016	2786
2064	2542
2112	2417
2160	2245
2208	2075
2256	1949
2304	1749
2352	1681
2400	1613
2448	1474
2496	1439
2544	1313
2592	1377
2640	1226
2688	1204
2736	1162
2784	1120
2832	1086
2880	1017
2928	1041
2976	1079
3024	931
3072	1043
3120	1000
3168	1026
3216	1051
3264	1067
3312	1049
3360	980
3408	976
3456	1005
3504	963
3552	883
3600	855
3648	790
3696	733
3744	674
3792	703
3840	616
3888	556
3936	526
3984	512
4032	453
4080	441
4128	402
4176	349
4224	369
4272	322
4320	354
4368	300
4416	304
4464	259
4512	276
4560	233
4608	225
4656	240
4704	221
4752	213
4800	200
4848	197
4896	170
4944	195
4992	156
5040	158
5088	160
5136	158
5184	156
5232	138
5280	152
5328	126
5376	140
5424	120
5472	138
5520	134
5568	122
5616	114
5664	116
5712	100
5760	119
5808	94
5856	96
5904	98
5952	96
6000	97
6048	91
6096	83
6144	105
6192	85
6240	100
6288	100
6336	96
6384	96
6432	74
6480	81
6528	102
6576	70
6624	95
6672	73
6720	79
6768	70
6816	78
6864	77
6912	81
6960	73
7008	64
7056	78
7104	82
7152	62
7200	72
7248	67
7296	81
7344	65
7392	70
7440	55
7488	59
7536	71
7584	59
7632	74
7680	57
7728	58
7776	64
7824	56
7872	62
7920	56
7968	38
8016	55
8064	47
8112	45
8160	43
8208	53
8256	50
8304	57
8352	52
8400	41
8448	50
8496	48
8544	52
8592	44
8640	40
8688	53
8736	38
8784	50
8832	59
8880	43
8928	55
8976	49
9024	46
9072	54
9120	51
9168	40
9216	59
9264	49
9312	52
9360	34
9408	35
9456	39
9504	34
9552	25
9600	52
9648	46
9696	52
9744	47
9792	40
9840	41
9888	44
9936	38
9984	36
10032	42
10080	29
10128	51
10176	44
10224	37
10272	39
10320	34
10368	38
10416	40
10464	45
10512	30
10560	41
10608	37
10656	44
10704	38
10752	50
10800	28
10848	40
10896	39
10944	39
10992	28
11040	36
11088	37
11136	43
11184	44
11232	43
11280	36
11328	43
11376	38
11424	36
11472	31
11520	34
11568	40
11616	35
11664	47
11712	24
11760	33
11808	34
11856	39
11904	35
11952	36
12000	42
12048	67
12096	96
12144	176
12192	310
12240	653
