"Time (ps)"	"Counts per bin"
0	8029
48	9342
96	12167
144	15931
192	19849
240	23954
288	28487
336	33872
384	39167
432	44529
480	49128
528	52377
576	54213
624	54659
672	52512
720	49965
768	46266
816	42073
864	38150
912	34421
960	30053
1008	26324
1056	23175
1104	20329
1152	18178
1200	15837
1248	14001
1296	12460
1344	11232
1392	9792
1440	8736
1488	7747
1536	7333
1584	6391
1632	5778
1680	5329
1728	4792
1776	4343
1824	3965
1872	3719
1920	3363
1968	3160
2016	2966
2064	2834
2112	2447
2160	2376
2208	2106
2256	2070
2304	1988
2352	1831
2400	1704
2448	1670
2496	1504
2544	1418
2592	1396
2640	1301
2688	1168
2736	1192
2784	1103
2832	1120
2880	1225
2928	1065
2976	1117
3024	1124
3072	1080
3120	1065
3168	1091
3216	1110
3264	1114
3312	1066
3360	1125
3408	988
3456	1022
3504	976
3552	897
3600	901
3648	766
3696	796
3744	764
3792	705
3840	605
3888	615
3936	569
3984	527
4032	461
4080	449
4128	434
4176	423
4224	371
4272	389
4320	314
4368	296
4416	306
4464	272
4512	275
4560	230
4608	244
4656	223
4704	213
4752	212
4800	197
4848	172
4896	169
4944	186
4992	182
5040	162
5088	187
5136	151
5184	159
5232	145
5280	138
5328	146
5376	150
5424	148
5472	122
5520	135
5568	135
5616	105
5664	85
5712	110
5760	104
5808	110
5856	120
5904	96
5952	79
6000	118
6048	123
6096	93
6144	108
6192	86
6240	85
6288	118
6336	89
6384	91
6432	92
6480	96
6528	91
6576	81
6624	91
6672	100
6720	64
6768	87
6816	87
6864	77
6912	83
6960	65
7008	74
7056	82
7104	59
7152	65
7200	75
7248	56
7296	60
7344	72
7392	60
7440	80
7488	66
7536	66
7584	65
7632	57
7680	65
7728	63
7776	55
7824	51
7872	61
7920	57
7968	49
8016	58
8064	66
8112	43
8160	56
8208	33
8256	57
8304	56
8352	35
8400	35
8448	52
8496	48
8544	51
8592	51
8640	45
8688	45
8736	49
8784	37
8832	48
8880	47
8928	40
8976	43
9024	55
9072	44
9120	45
9168	55
9216	56
9264	53
9312	54
9360	50
9408	47
9456	40
9504	42
9552	53
9600	38
9648	41
9696	45
9744	44
9792	50
9840	41
9888	43
9936	44
9984	51
10032	51
10080	41
10128	47
10176	41
10224	49
10272	52
10320	47
10368	44
10416	28
10464	53
10512	40
10560	45
10608	31
10656	56
10704	55
10752	40
10800	38
10848	46
10896	44
10944	38
10992	49
11040	40
11088	40
11136	46
11184	42
11232	29
11280	52
11328	30
11376	35
11424	44
11472	35
11520	44
11568	36
11616	46
11664	36
11712	41
11760	43
11808	34
11856	34
11904	31
11952	34
12000	40
12048	72
12096	99
12144	197
12192	369
12240	712
