"Time (ps)"	"Counts per bin"
0	9207
48	10517
96	13923
144	17291
192	21579
240	25981
288	31191
336	37040
384	42361
432	48396
480	53407
528	56936
576	58115
624	57633
672	55880
720	52946
768	49042
816	44545
864	40262
912	35892
960	31319
1008	28077
1056	24675
1104	21737
1152	19095
1200	16642
1248	14782
1296	13260
1344	11885
1392	10535
1440	9437
1488	8346
1536	7589
1584	6926
1632	6125
1680	5483
1728	5233
1776	4766
1824	4229
1872	3817
1920	3650
1968	3343
2016	3109
2064	2967
2112	2574
2160	2432
2208	2333
2256	2176
2304	2059
2352	1852
2400	1748
2448	1665
2496	1588
2544	1552
2592	1357
2640	1427
2688	1381
2736	1220
2784	1263
2832	1210
2880	1156
2928	1168
2976	1183
3024	1137
3072	1214
3120	1189
3168	1195
3216	1168
3264	1164
3312	1167
3360	1089
3408	1108
3456	1012
3504	1050
3552	1040
3600	914
3648	873
3696	859
3744	726
3792	756
3840	677
3888	627
3936	585
3984	543
4032	515
4080	489
4128	460
4176	397
4224	400
4272	354
4320	326
4368	354
4416	371
4464	318
4512	274
4560	291
4608	258
4656	260
4704	233
4752	206
4800	229
4848	200
4896	194
4944	202
4992	193
5040	188
5088	175
5136	155
5184	152
5232	164
5280	152
5328	147
5376	137
5424	132
5472	141
5520	114
5568	127
5616	121
5664	118
5712	127
5760	111
5808	114
5856	107
5904	133
5952	98
6000	102
6048	99
6096	113
6144	105
6192	112
6240	111
6288	116
6336	112
6384	94
6432	102
6480	117
6528	91
6576	97
6624	101
6672	78
6720	103
6768	85
6816	87
6864	72
6912	83
6960	76
7008	80
7056	85
7104	76
7152	74
7200	73
7248	63
7296	64
7344	77
7392	63
7440	75
7488	63
7536	79
7584	71
7632	63
7680	69
7728	58
7776	62
7824	64
7872	74
7920	70
7968	62
8016	61
8064	45
8112	55
8160	67
8208	45
8256	53
8304	39
8352	52
8400	70
8448	65
8496	62
8544	52
8592	58
8640	37
8688	39
8736	56
8784	56
8832	54
8880	61
8928	49
8976	52
9024	47
9072	43
9120	55
9168	52
9216	48
9264	36
9312	41
9360	51
9408	52
9456	56
9504	56
9552	59
9600	46
9648	61
9696	48
9744	40
9792	50
9840	50
9888	40
9936	49
9984	49
10032	41
10080	61
10128	46
10176	53
10224	50
10272	53
10320	47
10368	52
10416	39
10464	47
10512	50
10560	38
10608	53
10656	49
10704	39
10752	50
10800	26
10848	39
10896	44
10944	41
10992	42
11040	47
11088	54
11136	43
11184	38
11232	41
11280	37
11328	43
11376	43
11424	40
11472	52
11520	37
11568	49
11616	36
11664	37
11712	36
11760	40
11808	42
11856	43
11904	46
11952	43
12000	64
12048	72
12096	120
12144	227
12192	458
12240	885
