"Time (ps)"	"Counts per bin"
0	9269
48	11011
96	13936
144	17483
192	21359
240	26336
288	31323
336	36562
384	42707
432	48259
480	52691
528	55124
576	56714
624	56402
672	54053
720	51299
768	47235
816	42863
864	39152
912	34453
960	30184
1008	26903
1056	23625
1104	20808
1152	18265
1200	16487
1248	14221
1296	12596
1344	11291
1392	9964
1440	9034
1488	8279
1536	7287
1584	6582
1632	6020
1680	5411
1728	4974
1776	4675
1824	4108
1872	3947
1920	3444
1968	3279
2016	2987
2064	2760
2112	2641
2160	2414
2208	2344
2256	2075
2304	1915
2352	1824
2400	1779
2448	1667
2496	1579
2544	1465
2592	1418
2640	1378
2688	1344
2736	1222
2784	1172
2832	1175
2880	1142
2928	1186
2976	1129
3024	1162
3072	1206
3120	1167
3168	1106
3216	1139
3264	1178
3312	1122
3360	1152
3408	1106
3456	1078
3504	1051
3552	949
3600	901
3648	826
3696	812
3744	761
3792	703
3840	682
3888	637
3936	590
3984	523
4032	517
4080	459
4128	398
4176	396
4224	375
4272	356
4320	318
4368	327
4416	303
4464	297
4512	284
4560	283
4608	244
4656	245
4704	230
4752	227
4800	220
4848	208
4896	184
4944	197
4992	170
5040	179
5088	191
5136	157
5184	168
5232	164
5280	177
5328	134
5376	143
5424	135
5472	122
5520	117
5568	112
5616	132
5664	131
5712	132
5760	126
5808	122
5856	125
5904	101
5952	121
6000	93
6048	114
6096	102
6144	105
6192	109
6240	81
6288	101
6336	91
6384	97
6432	92
6480	96
6528	97
6576	89
6624	90
6672	88
6720	94
6768	82
6816	100
6864	66
6912	93
6960	66
7008	76
7056	64
7104	82
7152	86
7200	86
7248	84
7296	82
7344	69
7392	65
7440	66
7488	80
7536	70
7584	68
7632	61
7680	73
7728	62
7776	72
7824	43
7872	67
7920	63
7968	62
8016	54
8064	61
8112	52
8160	51
8208	61
8256	53
8304	44
8352	54
8400	66
8448	49
8496	48
8544	43
8592	46
8640	54
8688	44
8736	47
8784	60
8832	54
8880	43
8928	48
8976	60
9024	40
9072	48
9120	58
9168	66
9216	34
9264	52
9312	43
9360	48
9408	50
9456	49
9504	47
9552	51
9600	46
9648	46
9696	54
9744	53
9792	43
9840	50
9888	46
9936	42
9984	59
10032	47
10080	44
10128	49
10176	55
10224	44
10272	51
10320	60
10368	48
10416	43
10464	47
10512	37
10560	32
10608	36
10656	49
10704	32
10752	42
10800	43
10848	35
10896	37
10944	45
10992	43
11040	42
11088	51
11136	36
11184	40
11232	37
11280	46
11328	46
11376	33
11424	38
11472	43
11520	36
11568	47
11616	34
11664	32
11712	43
11760	24
11808	39
11856	34
11904	40
11952	34
12000	59
12048	66
12096	115
12144	211
12192	480
12240	891
