"Time (ps)"	"Counts per bin"
0	9381
48	10708
96	13911
144	17343
192	21174
240	25606
288	30684
336	36144
384	41332
432	46808
480	50583
528	53008
576	53908
624	53892
672	51267
720	48128
768	44512
816	40446
864	36253
912	32088
960	28222
1008	24886
1056	21824
1104	19376
1152	16947
1200	15228
1248	13423
1296	11903
1344	10512
1392	9495
1440	8513
1488	7324
1536	7013
1584	6187
1632	5664
1680	5114
1728	4468
1776	4296
1824	3921
1872	3544
1920	3352
1968	3059
2016	2916
2064	2676
2112	2445
2160	2284
2208	2079
2256	2024
2304	1871
2352	1765
2400	1627
2448	1503
2496	1461
2544	1406
2592	1363
2640	1257
2688	1241
2736	1178
2784	1068
2832	1128
2880	1118
2928	1084
2976	1123
3024	1071
3072	1046
3120	1040
3168	1173
3216	1026
3264	1061
3312	1017
3360	1029
3408	1074
3456	984
3504	886
3552	920
3600	835
3648	883
3696	767
3744	745
3792	654
3840	617
3888	595
3936	555
3984	472
4032	515
4080	434
4128	420
4176	379
4224	389
4272	343
4320	307
4368	307
4416	320
4464	273
4512	282
4560	221
4608	238
4656	229
4704	219
4752	218
4800	204
4848	186
4896	198
4944	184
4992	165
5040	166
5088	162
5136	154
5184	155
5232	145
5280	136
5328	141
5376	130
5424	127
5472	123
5520	131
5568	119
5616	125
5664	116
5712	110
5760	114
5808	93
5856	113
5904	129
5952	108
6000	96
6048	112
6096	94
6144	98
6192	111
6240	91
6288	105
6336	75
6384	101
6432	86
6480	89
6528	77
6576	98
6624	90
6672	84
6720	97
6768	92
6816	66
6864	71
6912	71
6960	80
7008	64
7056	72
7104	79
7152	73
7200	66
7248	56
7296	64
7344	67
7392	73
7440	70
7488	67
7536	67
7584	69
7632	69
7680	51
7728	72
7776	46
7824	55
7872	59
7920	58
7968	70
8016	67
8064	65
8112	46
8160	52
8208	55
8256	40
8304	57
8352	44
8400	60
8448	50
8496	48
8544	48
8592	52
8640	51
8688	58
8736	38
8784	38
8832	61
8880	51
8928	48
8976	56
9024	49
9072	52
9120	47
9168	46
9216	53
9264	44
9312	51
9360	55
9408	47
9456	53
9504	53
9552	43
9600	42
9648	52
9696	63
9744	53
9792	49
9840	47
9888	32
9936	43
9984	39
10032	48
10080	40
10128	35
10176	53
10224	43
10272	47
10320	48
10368	36
10416	45
10464	51
10512	46
10560	46
10608	31
10656	47
10704	42
10752	25
10800	39
10848	50
10896	37
10944	50
10992	45
11040	40
11088	36
11136	34
11184	44
11232	37
11280	34
11328	48
11376	35
11424	40
11472	40
11520	43
11568	28
11616	40
11664	42
11712	40
11760	37
11808	46
11856	32
11904	39
11952	50
12000	56
12048	72
12096	137
12144	234
12192	472
12240	905
