"Time (ps)"	"Counts per bin"
0	9193
48	10255
96	13416
144	16916
192	19985
240	24227
288	28830
336	33617
384	39119
432	43677
480	47135
528	49329
576	49654
624	49352
672	46444
720	43934
768	39879
816	36377
864	32453
912	28786
960	25194
1008	22411
1056	19447
1104	17271
1152	15331
1200	13233
1248	12027
1296	10674
1344	9279
1392	8468
1440	7537
1488	6710
1536	6195
1584	5540
1632	4978
1680	4640
1728	4268
1776	3916
1824	3531
1872	3316
1920	3137
1968	2656
2016	2581
2064	2414
2112	2176
2160	2085
2208	1928
2256	1861
2304	1664
2352	1629
2400	1460
2448	1378
2496	1334
2544	1216
2592	1250
2640	1152
2688	1098
2736	1141
2784	1008
2832	1011
2880	992
2928	1019
2976	1044
3024	979
3072	1033
3120	1054
3168	970
3216	956
3264	953
3312	976
3360	946
3408	910
3456	921
3504	838
3552	809
3600	769
3648	740
3696	742
3744	648
3792	585
3840	578
3888	568
3936	456
3984	498
4032	429
4080	396
4128	372
4176	355
4224	316
4272	333
4320	288
4368	301
4416	259
4464	263
4512	267
4560	214
4608	226
4656	230
4704	216
4752	181
4800	189
4848	174
4896	141
4944	173
4992	165
5040	149
5088	181
5136	126
5184	125
5232	142
5280	129
5328	116
5376	137
5424	132
5472	124
5520	109
5568	112
5616	109
5664	104
5712	98
5760	103
5808	99
5856	88
5904	83
5952	83
6000	93
6048	77
6096	92
6144	109
6192	92
6240	93
6288	95
6336	91
6384	81
6432	85
6480	85
6528	82
6576	84
6624	70
6672	88
6720	58
6768	69
6816	76
6864	75
6912	74
6960	51
7008	69
7056	69
7104	65
7152	67
7200	70
7248	66
7296	61
7344	54
7392	57
7440	62
7488	56
7536	60
7584	60
7632	53
7680	51
7728	57
7776	62
7824	59
7872	60
7920	43
7968	51
8016	44
8064	53
8112	56
8160	44
8208	57
8256	48
8304	47
8352	43
8400	61
8448	42
8496	46
8544	39
8592	43
8640	45
8688	46
8736	59
8784	43
8832	42
8880	51
8928	35
8976	51
9024	46
9072	41
9120	45
9168	55
9216	49
9264	37
9312	50
9360	37
9408	50
9456	41
9504	39
9552	36
9600	37
9648	42
9696	38
9744	45
9792	37
9840	57
9888	38
9936	63
9984	33
10032	36
10080	49
10128	50
10176	36
10224	28
10272	39
10320	41
10368	40
10416	44
10464	42
10512	40
10560	34
10608	37
10656	44
10704	40
10752	39
10800	38
10848	39
10896	34
10944	44
10992	32
11040	39
11088	31
11136	37
11184	25
11232	31
11280	35
11328	37
11376	34
11424	37
11472	39
11520	29
11568	30
11616	28
11664	38
11712	34
11760	30
11808	35
11856	29
11904	38
11952	29
12000	56
12048	84
12096	126
12144	242
12192	505
12240	963
