"Time (ps)"	"Counts per bin"
0	8825
48	9795
96	12558
144	15771
192	18755
240	22800
288	27066
336	31599
384	35827
432	40203
480	43328
528	44353
576	45147
624	43539
672	41823
720	38520
768	35633
816	31968
864	28412
912	25427
960	22338
1008	19722
1056	17402
1104	15219
1152	13166
1200	11795
1248	10602
1296	9358
1344	8387
1392	7379
1440	6723
1488	5922
1536	5295
1584	4973
1632	4565
1680	4172
1728	3797
1776	3380
1824	3160
1872	2914
1920	2672
1968	2483
2016	2259
2064	2124
2112	1932
2160	1914
2208	1733
2256	1668
2304	1499
2352	1418
2400	1325
2448	1267
2496	1193
2544	1151
2592	1105
2640	1040
2688	1037
2736	945
2784	988
2832	967
2880	887
2928	870
2976	930
3024	878
3072	904
3120	874
3168	921
3216	893
3264	902
3312	889
3360	879
3408	837
3456	797
3504	775
3552	742
3600	699
3648	686
3696	649
3744	565
3792	542
3840	539
3888	495
3936	458
3984	436
4032	448
4080	394
4128	340
4176	309
4224	280
4272	284
4320	272
4368	271
4416	215
4464	227
4512	217
4560	206
4608	194
4656	196
4704	220
4752	188
4800	168
4848	151
4896	148
4944	159
4992	133
5040	129
5088	137
5136	116
5184	122
5232	102
5280	106
5328	100
5376	117
5424	113
5472	96
5520	106
5568	113
5616	116
5664	106
5712	101
5760	86
5808	95
5856	85
5904	100
5952	96
6000	99
6048	85
6096	86
6144	68
6192	85
6240	78
6288	80
6336	88
6384	76
6432	69
6480	81
6528	74
6576	63
6624	70
6672	70
6720	57
6768	65
6816	55
6864	67
6912	75
6960	64
7008	70
7056	57
7104	60
7152	66
7200	64
7248	58
7296	55
7344	52
7392	55
7440	58
7488	51
7536	56
7584	54
7632	58
7680	57
7728	42
7776	52
7824	57
7872	46
7920	57
7968	41
8016	33
8064	50
8112	36
8160	37
8208	53
8256	31
8304	38
8352	42
8400	31
8448	67
8496	34
8544	45
8592	43
8640	47
8688	37
8736	42
8784	42
8832	37
8880	43
8928	42
8976	31
9024	45
9072	44
9120	47
9168	42
9216	31
9264	42
9312	36
9360	37
9408	50
9456	29
9504	36
9552	35
9600	39
9648	34
9696	25
9744	51
9792	42
9840	39
9888	39
9936	44
9984	37
10032	26
10080	40
10128	40
10176	29
10224	32
10272	40
10320	34
10368	44
10416	32
10464	33
10512	41
10560	41
10608	40
10656	43
10704	34
10752	48
10800	32
10848	36
10896	30
10944	42
10992	30
11040	37
11088	38
11136	37
11184	39
11232	31
11280	31
11328	39
11376	25
11424	39
11472	28
11520	25
11568	23
11616	37
11664	35
11712	28
11760	37
11808	31
11856	32
11904	28
11952	34
12000	43
12048	94
12096	131
12144	247
12192	503
12240	955
