"Time (ps)"	"Counts per bin"
0	8693
48	9374
96	11860
144	14894
192	18049
240	21711
288	25584
336	29789
384	34101
432	37554
480	40253
528	41835
576	41746
624	40626
672	37994
720	35470
768	32283
816	29050
864	25593
912	22973
960	20264
1008	17525
1056	15635
1104	13843
1152	12340
1200	10828
1248	9373
1296	8443
1344	7629
1392	6771
1440	5991
1488	5511
1536	4848
1584	4474
1632	4171
1680	3810
1728	3500
1776	2941
1824	2792
1872	2625
1920	2409
1968	2209
2016	2034
2064	2009
2112	1769
2160	1631
2208	1567
2256	1442
2304	1453
2352	1270
2400	1232
2448	1070
2496	1103
2544	1044
2592	998
2640	984
2688	886
2736	925
2784	928
2832	880
2880	834
2928	832
2976	881
3024	857
3072	829
3120	855
3168	871
3216	820
3264	814
3312	779
3360	787
3408	770
3456	804
3504	720
3552	716
3600	658
3648	625
3696	586
3744	570
3792	502
3840	496
3888	416
3936	391
3984	383
4032	342
4080	346
4128	299
4176	285
4224	288
4272	273
4320	275
4368	216
4416	230
4464	197
4512	205
4560	186
4608	188
4656	156
4704	173
4752	171
4800	153
4848	143
4896	156
4944	130
4992	125
5040	126
5088	105
5136	116
5184	116
5232	95
5280	107
5328	108
5376	121
5424	96
5472	93
5520	92
5568	75
5616	84
5664	77
5712	91
5760	80
5808	94
5856	72
5904	85
5952	82
6000	74
6048	96
6096	87
6144	71
6192	78
6240	92
6288	86
6336	75
6384	64
6432	85
6480	64
6528	72
6576	65
6624	49
6672	64
6720	71
6768	65
6816	58
6864	62
6912	67
6960	64
7008	48
7056	64
7104	65
7152	60
7200	39
7248	58
7296	57
7344	53
7392	61
7440	45
7488	47
7536	42
7584	52
7632	46
7680	47
7728	46
7776	46
7824	35
7872	60
7920	54
7968	45
8016	41
8064	43
8112	53
8160	36
8208	33
8256	36
8304	49
8352	31
8400	35
8448	38
8496	30
8544	37
8592	38
8640	25
8688	41
8736	51
8784	38
8832	27
8880	36
8928	40
8976	30
9024	38
9072	38
9120	39
9168	43
9216	42
9264	31
9312	32
9360	42
9408	35
9456	38
9504	27
9552	29
9600	27
9648	31
9696	37
9744	37
9792	40
9840	28
9888	27
9936	41
9984	45
10032	26
10080	35
10128	44
10176	38
10224	33
10272	36
10320	34
10368	29
10416	25
10464	27
10512	37
10560	24
10608	31
10656	40
10704	19
10752	34
10800	27
10848	24
10896	33
10944	28
10992	34
11040	21
11088	26
11136	44
11184	34
11232	39
11280	41
11328	23
11376	29
11424	33
11472	33
11520	27
11568	27
11616	25
11664	32
11712	18
11760	23
11808	27
11856	32
11904	19
11952	31
12000	51
12048	80
12096	134
12144	258
12192	530
12240	986
