"Time (ps)"	"Counts per bin"
0	8462
48	9261
96	11577
144	14139
192	17229
240	20695
288	24681
336	28171
384	32340
432	35389
480	37529
528	38811
576	38387
624	37285
672	34987
720	32039
768	29232
816	26067
864	23101
912	20522
960	18098
1008	16107
1056	14171
1104	12145
1152	11023
1200	9779
1248	8769
1296	7648
1344	6719
1392	6187
1440	5382
1488	5088
1536	4433
1584	4093
1632	3761
1680	3369
1728	3075
1776	2814
1824	2619
1872	2398
1920	2293
1968	2073
2016	1985
2064	1766
2112	1661
2160	1521
2208	1470
2256	1305
2304	1271
2352	1187
2400	1145
2448	1049
2496	1031
2544	962
2592	895
2640	859
2688	860
2736	861
2784	858
2832	840
2880	798
2928	798
2976	777
3024	756
3072	778
3120	740
3168	751
3216	708
3264	743
3312	784
3360	762
3408	699
3456	704
3504	627
3552	647
3600	645
3648	555
3696	528
3744	485
3792	487
3840	466
3888	378
3936	402
3984	362
4032	323
4080	285
4128	268
4176	307
4224	239
4272	234
4320	254
4368	235
4416	210
4464	205
4512	194
4560	189
4608	151
4656	146
4704	142
4752	128
4800	137
4848	134
4896	126
4944	117
4992	129
5040	125
5088	113
5136	96
5184	104
5232	117
5280	91
5328	105
5376	99
5424	98
5472	83
5520	76
5568	88
5616	89
5664	80
5712	78
5760	92
5808	70
5856	57
5904	76
5952	79
6000	79
6048	75
6096	55
6144	68
6192	64
6240	70
6288	65
6336	60
6384	79
6432	74
6480	66
6528	72
6576	72
6624	46
6672	68
6720	69
6768	50
6816	54
6864	42
6912	63
6960	59
7008	49
7056	49
7104	49
7152	57
7200	58
7248	54
7296	52
7344	41
7392	33
7440	48
7488	40
7536	42
7584	45
7632	44
7680	44
7728	43
7776	44
7824	31
7872	38
7920	47
7968	34
8016	31
8064	50
8112	30
8160	44
8208	40
8256	33
8304	42
8352	39
8400	35
8448	36
8496	35
8544	34
8592	29
8640	32
8688	32
8736	49
8784	42
8832	39
8880	45
8928	32
8976	34
9024	43
9072	28
9120	22
9168	34
9216	32
9264	23
9312	30
9360	35
9408	39
9456	38
9504	21
9552	49
9600	38
9648	42
9696	32
9744	32
9792	36
9840	27
9888	33
9936	26
9984	26
10032	41
10080	34
10128	33
10176	34
10224	29
10272	30
10320	17
10368	27
10416	24
10464	35
10512	36
10560	24
10608	28
10656	29
10704	33
10752	40
10800	32
10848	27
10896	31
10944	25
10992	26
11040	38
11088	24
11136	27
11184	28
11232	24
11280	21
11328	33
11376	31
11424	30
11472	23
11520	32
11568	21
11616	22
11664	25
11712	22
11760	21
11808	26
11856	23
11904	43
11952	27
12000	35
12048	74
12096	153
12144	311
12192	519
12240	980
