"Time (ps)"	"Counts per bin"
0	8084
48	8536
96	10914
144	13456
192	16219
240	19525
288	23274
336	26885
384	30082
432	33032
480	35097
528	36041
576	35830
624	34690
672	32481
720	29863
768	26880
816	24560
864	21688
912	19032
960	17014
1008	14642
1056	13036
1104	11625
1152	10020
1200	8999
1248	7973
1296	7158
1344	6255
1392	5688
1440	5111
1488	4432
1536	4121
1584	3913
1632	3436
1680	3121
1728	2872
1776	2675
1824	2429
1872	2285
1920	2081
1968	1915
2016	1868
2064	1693
2112	1465
2160	1439
2208	1255
2256	1268
2304	1184
2352	1186
2400	997
2448	931
2496	966
2544	901
2592	901
2640	865
2688	770
2736	806
2784	739
2832	826
2880	708
2928	705
2976	730
3024	696
3072	764
3120	699
3168	734
3216	735
3264	758
3312	714
3360	714
3408	669
3456	678
3504	612
3552	585
3600	557
3648	539
3696	468
3744	469
3792	426
3840	395
3888	367
3936	324
3984	325
4032	317
4080	280
4128	244
4176	268
4224	221
4272	239
4320	221
4368	210
4416	193
4464	197
4512	176
4560	142
4608	155
4656	174
4704	149
4752	127
4800	134
4848	138
4896	111
4944	130
4992	130
5040	105
5088	119
5136	107
5184	101
5232	89
5280	86
5328	102
5376	70
5424	88
5472	77
5520	73
5568	87
5616	75
5664	93
5712	90
5760	74
5808	83
5856	69
5904	82
5952	59
6000	70
6048	73
6096	54
6144	70
6192	69
6240	76
6288	68
6336	70
6384	73
6432	58
6480	45
6528	68
6576	71
6624	50
6672	51
6720	60
6768	66
6816	59
6864	51
6912	57
6960	50
7008	61
7056	47
7104	51
7152	35
7200	67
7248	38
7296	45
7344	36
7392	50
7440	51
7488	43
7536	53
7584	44
7632	47
7680	38
7728	35
7776	45
7824	51
7872	50
7920	50
7968	31
8016	38
8064	36
8112	38
8160	41
8208	41
8256	29
8304	32
8352	59
8400	32
8448	26
8496	38
8544	28
8592	27
8640	27
8688	26
8736	33
8784	34
8832	24
8880	24
8928	31
8976	30
9024	29
9072	33
9120	33
9168	25
9216	43
9264	31
9312	48
9360	28
9408	32
9456	28
9504	25
9552	47
9600	28
9648	30
9696	29
9744	32
9792	34
9840	36
9888	33
9936	27
9984	31
10032	31
10080	31
10128	34
10176	27
10224	28
10272	21
10320	27
10368	33
10416	34
10464	36
10512	26
10560	30
10608	31
10656	34
10704	25
10752	21
10800	23
10848	36
10896	34
10944	21
10992	33
11040	37
11088	21
11136	34
11184	22
11232	22
11280	29
11328	24
11376	39
11424	20
11472	20
11520	24
11568	23
11616	24
11664	22
11712	24
11760	14
11808	27
11856	31
11904	23
11952	33
12000	34
12048	61
12096	135
12144	275
12192	492
12240	938
